{
    "camera_angle_x": 0.6911110281944275,
    "frames": [
        {
            "file_path": "./train/0_colors",
            "rotation": 0,
            "camera_intrinsics": [
                [
                    1111.1113654242622,
                    0.0,
                    399.5
                ],
                [
                    0.0,
                    1111.1113654242622,
                    399.5
                ],
                [
                    0.0,
                    0.0,
                    1.0
                ]
            ],
            "transform_matrix": [
                [
                    -0.7841889262199402,
                    0.3903675079345703,
                    0.48234936594963074,
                    2.275317430496216
                ],
                [
                    0.620522141456604,
                    0.4933292865753174,
                    0.6095722913742065,
                    2.7435684204101562
                ],
                [
                    1.5099580252808664e-07,
                    0.7773283123970032,
                    -0.6290950179100037,
                    -1.8154237270355225
                ],
                [
                    0.0,
                    0.0,
                    0.0,
                    1.0
                ]
            ]
        },
        {
            "file_path": "./train/1_colors",
            "rotation": 0,
            "camera_intrinsics": [
                [
                    1111.1113654242622,
                    0.0,
                    399.5
                ],
                [
                    0.0,
                    1111.1113654242622,
                    399.5
                ],
                [
                    0.0,
                    0.0,
                    1.0
                ]
            ],
            "transform_matrix": [
                [
                    0.9999115467071533,
                    0.011514941230416298,
                    -0.006655815523117781,
                    0.4751746654510498
                ],
                [
                    -0.013300142250955105,
                    0.8656992316246033,
                    -0.5003876090049744,
                    -1.3663831949234009
                ],
                [
                    7.073960861525563e-11,
                    0.5004318952560425,
                    0.8657758235931396,
                    3.729236602783203
                ],
                [
                    0.0,
                    0.0,
                    0.0,
                    1.0
                ]
            ]
        },
        {
            "file_path": "./train/2_colors",
            "rotation": 0,
            "camera_intrinsics": [
                [
                    1111.1113654242622,
                    0.0,
                    399.5
                ],
                [
                    0.0,
                    1111.1113654242622,
                    399.5
                ],
                [
                    0.0,
                    0.0,
                    1.0
                ]
            ],
            "transform_matrix": [
                [
                    0.8431066870689392,
                    -0.016482533887028694,
                    -0.5374935865402222,
                    -2.0121142864227295
                ],
                [
                    -0.5377463102340698,
                    -0.02584199607372284,
                    -0.8427104949951172,
                    -3.4386231899261475
                ],
                [
                    9.843069648240999e-08,
                    0.9995300769805908,
                    -0.03065098263323307,
                    0.35674405097961426
                ],
                [
                    0.0,
                    0.0,
                    0.0,
                    1.0
                ]
            ]
        },
        {
            "file_path": "./train/3_colors",
            "rotation": 0,
            "camera_intrinsics": [
                [
                    1111.1113654242622,
                    0.0,
                    399.5
                ],
                [
                    0.0,
                    1111.1113654242622,
                    399.5
                ],
                [
                    0.0,
                    0.0,
                    1.0
                ]
            ],
            "transform_matrix": [
                [
                    0.938438355922699,
                    -0.1773122102022171,
                    -0.2964688241481781,
                    -0.9216635227203369
                ],
                [
                    -0.3454466760158539,
                    -0.4816853106021881,
                    -0.8053854703903198,
                    -3.3620829582214355
                ],
                [
                    9.553852819976782e-09,
                    0.858218789100647,
                    -0.5132838487625122,
                    -1.9613604545593262
                ],
                [
                    0.0,
                    0.0,
                    0.0,
                    1.0
                ]
            ]
        },
        {
            "file_path": "./train/4_colors",
            "rotation": 0,
            "camera_intrinsics": [
                [
                    1111.1113654242622,
                    0.0,
                    399.5
                ],
                [
                    0.0,
                    1111.1113654242622,
                    399.5
                ],
                [
                    0.0,
                    0.0,
                    1.0
                ]
            ],
            "transform_matrix": [
                [
                    -0.3501698970794678,
                    -0.1463388353586197,
                    -0.9251842498779297,
                    -3.4692041873931885
                ],
                [
                    -0.9366862177848816,
                    0.05470723286271095,
                    0.3458700180053711,
                    1.9838436841964722
                ],
                [
                    5.485627596613085e-08,
                    0.9877206087112427,
                    -0.1562303900718689,
                    -0.17025624215602875
                ],
                [
                    0.0,
                    0.0,
                    0.0,
                    1.0
                ]
            ]
        },
        {
            "file_path": "./train/5_colors",
            "rotation": 0,
            "camera_intrinsics": [
                [
                    1111.1113654242622,
                    0.0,
                    399.5
                ],
                [
                    0.0,
                    1111.1113654242622,
                    399.5
                ],
                [
                    0.0,
                    0.0,
                    1.0
                ]
            ],
            "transform_matrix": [
                [
                    -0.9996069669723511,
                    0.01637217588722706,
                    -0.022757086902856827,
                    0.4253876507282257
                ],
                [
                    -0.028034502640366554,
                    -0.5837720036506653,
                    0.8114333748817444,
                    3.160398244857788
                ],
                [
                    -2.1317406506682346e-08,
                    0.811752438545227,
                    0.5840015411376953,
                    2.414731502532959
                ],
                [
                    0.0,
                    0.0,
                    0.0,
                    1.0
                ]
            ]
        },
        {
            "file_path": "./train/6_colors",
            "rotation": 0,
            "camera_intrinsics": [
                [
                    1111.1113654242622,
                    0.0,
                    399.5
                ],
                [
                    0.0,
                    1111.1113654242622,
                    399.5
                ],
                [
                    0.0,
                    0.0,
                    1.0
                ]
            ],
            "transform_matrix": [
                [
                    0.8379010558128357,
                    0.4783453643321991,
                    0.2628830075263977,
                    1.6689413785934448
                ],
                [
                    0.5458221435546875,
                    -0.7343161702156067,
                    -0.4035564363002777,
                    -1.2944623231887817
                ],
                [
                    -8.513410421073786e-08,
                    0.48162776231765747,
                    -0.8763757944107056,
                    -3.3969106674194336
                ],
                [
                    0.0,
                    0.0,
                    0.0,
                    1.0
                ]
            ]
        },
        {
            "file_path": "./train/7_colors",
            "rotation": 0,
            "camera_intrinsics": [
                [
                    1111.1113654242622,
                    0.0,
                    399.5
                ],
                [
                    0.0,
                    1111.1113654242622,
                    399.5
                ],
                [
                    0.0,
                    0.0,
                    1.0
                ]
            ],
            "transform_matrix": [
                [
                    0.05052031949162483,
                    0.8297010660171509,
                    -0.5559169054031372,
                    -1.6034291982650757
                ],
                [
                    -0.998723030090332,
                    0.04197033867239952,
                    -0.028121037408709526,
                    0.39359837770462036
                ],
                [
                    -3.1843850223367554e-08,
                    0.5566276907920837,
                    0.8307619690895081,
                    3.6433632373809814
                ],
                [
                    0.0,
                    0.0,
                    0.0,
                    1.0
                ]
            ]
        },
        {
            "file_path": "./train/8_colors",
            "rotation": 0,
            "camera_intrinsics": [
                [
                    1111.1113654242622,
                    0.0,
                    399.5
                ],
                [
                    0.0,
                    1111.1113654242622,
                    399.5
                ],
                [
                    0.0,
                    0.0,
                    1.0
                ]
            ],
            "transform_matrix": [
                [
                    -0.9999994039535522,
                    -0.0001499323989264667,
                    0.0010995757766067982,
                    0.5037188529968262
                ],
                [
                    0.0011097508249804378,
                    -0.13512194156646729,
                    0.990828275680542,
                    3.8510308265686035
                ],
                [
                    1.9564151187978496e-08,
                    0.9908289313316345,
                    0.13512201607227325,
                    0.9569891095161438
                ],
                [
                    0.0,
                    0.0,
                    0.0,
                    1.0
                ]
            ]
        },
        {
            "file_path": "./train/9_colors",
            "rotation": 0,
            "camera_intrinsics": [
                [
                    1111.1113654242622,
                    0.0,
                    399.5
                ],
                [
                    0.0,
                    1111.1113654242622,
                    399.5
                ],
                [
                    0.0,
                    0.0,
                    1.0
                ]
            ],
            "transform_matrix": [
                [
                    0.876684308052063,
                    0.12304414063692093,
                    -0.46506425738334656,
                    -1.5784275531768799
                ],
                [
                    -0.48106616735458374,
                    0.22423291206359863,
                    -0.8475227355957031,
                    -3.287680149078369
                ],
                [
                    6.349029746388624e-09,
                    0.9667365550994873,
                    0.2557738423347473,
                    1.6430842876434326
                ],
                [
                    0.0,
                    0.0,
                    0.0,
                    1.0
                ]
            ]
        },
        {
            "file_path": "./train/10_colors",
            "rotation": 0,
            "camera_intrinsics": [
                [
                    1111.1113654242622,
                    0.0,
                    399.5
                ],
                [
                    0.0,
                    1111.1113654242622,
                    399.5
                ],
                [
                    0.0,
                    0.0,
                    1.0
                ]
            ],
            "transform_matrix": [
                [
                    -0.9841787219047546,
                    -0.1008235290646553,
                    -0.14569450914859772,
                    -0.062109559774398804
                ],
                [
                    -0.17717866599559784,
                    0.5600461959838867,
                    0.8092933893203735,
                    3.6223645210266113
                ],
                [
                    -1.5099580252808664e-07,
                    0.822303295135498,
                    -0.5690493583679199,
                    -1.6954694986343384
                ],
                [
                    0.0,
                    0.0,
                    0.0,
                    1.0
                ]
            ]
        },
        {
            "file_path": "./train/11_colors",
            "rotation": 0,
            "camera_intrinsics": [
                [
                    1111.1113654242622,
                    0.0,
                    399.5
                ],
                [
                    0.0,
                    1111.1113654242622,
                    399.5
                ],
                [
                    0.0,
                    0.0,
                    1.0
                ]
            ],
            "transform_matrix": [
                [
                    0.43379417061805725,
                    -0.615795910358429,
                    -0.6577368974685669,
                    -2.670989513397217
                ],
                [
                    -0.9010120034217834,
                    -0.2964763641357422,
                    -0.3166688084602356,
                    -1.0266796350479126
                ],
                [
                    -8.086612268698445e-08,
                    0.7299979329109192,
                    -0.6834492683410645,
                    -2.794949769973755
                ],
                [
                    0.0,
                    0.0,
                    0.0,
                    1.0
                ]
            ]
        },
        {
            "file_path": "./train/12_colors",
            "rotation": 0,
            "camera_intrinsics": [
                [
                    1111.1113654242622,
                    0.0,
                    399.5
                ],
                [
                    0.0,
                    1111.1113654242622,
                    399.5
                ],
                [
                    0.0,
                    0.0,
                    1.0
                ]
            ],
            "transform_matrix": [
                [
                    -0.12609955668449402,
                    0.029075682163238525,
                    0.9915913343429565,
                    3.870114326477051
                ],
                [
                    0.9920175671577454,
                    0.0036959568969905376,
                    0.126045361161232,
                    0.928389847278595
                ],
                [
                    -2.3573257124098745e-08,
                    0.9995703101158142,
                    -0.029309647157788277,
                    0.4003850519657135
                ],
                [
                    0.0,
                    0.0,
                    0.0,
                    1.0
                ]
            ]
        },
        {
            "file_path": "./train/13_colors",
            "rotation": 0,
            "camera_intrinsics": [
                [
                    1111.1113654242622,
                    0.0,
                    399.5
                ],
                [
                    0.0,
                    1111.1113654242622,
                    399.5
                ],
                [
                    0.0,
                    0.0,
                    1.0
                ]
            ],
            "transform_matrix": [
                [
                    0.07876069843769073,
                    0.02863188087940216,
                    0.996482253074646,
                    3.9735641479492188
                ],
                [
                    0.9968935251235962,
                    -0.0022623296827077866,
                    -0.07872819155454636,
                    0.2255667895078659
                ],
                [
                    2.3506389368321834e-07,
                    0.9995874166488647,
                    -0.028721120208501816,
                    0.39988353848457336
                ],
                [
                    0.0,
                    0.0,
                    0.0,
                    1.0
                ]
            ]
        },
        {
            "file_path": "./train/14_colors",
            "rotation": 0,
            "camera_intrinsics": [
                [
                    1111.1113654242622,
                    0.0,
                    399.5
                ],
                [
                    0.0,
                    1111.1113654242622,
                    399.5
                ],
                [
                    0.0,
                    0.0,
                    1.0
                ]
            ],
            "transform_matrix": [
                [
                    0.7148398756980896,
                    -0.3583962023258209,
                    0.6004632115364075,
                    2.699803590774536
                ],
                [
                    0.6992881894111633,
                    0.36636674404144287,
                    -0.613817036151886,
                    -1.7487257719039917
                ],
                [
                    -6.75398723615217e-08,
                    0.8586777448654175,
                    0.5125157833099365,
                    2.377607822418213
                ],
                [
                    0.0,
                    0.0,
                    0.0,
                    1.0
                ]
            ]
        },
        {
            "file_path": "./train/15_colors",
            "rotation": 0,
            "camera_intrinsics": [
                [
                    1111.1113654242622,
                    0.0,
                    399.5
                ],
                [
                    0.0,
                    1111.1113654242622,
                    399.5
                ],
                [
                    0.0,
                    0.0,
                    1.0
                ]
            ],
            "transform_matrix": [
                [
                    -0.2570539712905884,
                    0.11714340001344681,
                    -0.9592708349227905,
                    -3.5360686779022217
                ],
                [
                    -0.9663970470428467,
                    -0.031159209087491035,
                    0.2551584541797638,
                    1.5735617876052856
                ],
                [
                    7.829680015447593e-09,
                    0.9926260113716125,
                    0.12121663242578506,
                    1.0100106000900269
                ],
                [
                    0.0,
                    0.0,
                    0.0,
                    1.0
                ]
            ]
        },
        {
            "file_path": "./train/16_colors",
            "rotation": 0,
            "camera_intrinsics": [
                [
                    1111.1113654242622,
                    0.0,
                    399.5
                ],
                [
                    0.0,
                    1111.1113654242622,
                    399.5
                ],
                [
                    0.0,
                    0.0,
                    1.0
                ]
            ],
            "transform_matrix": [
                [
                    -0.3421437740325928,
                    0.32498952746391296,
                    0.8816571235656738,
                    3.585926055908203
                ],
                [
                    0.9396476149559021,
                    0.11833497136831284,
                    0.32102832198143005,
                    1.6236451864242554
                ],
                [
                    -2.9995895545198437e-08,
                    0.9382848739624023,
                    -0.3458631932735443,
                    -0.7105712294578552
                ],
                [
                    0.0,
                    0.0,
                    0.0,
                    1.0
                ]
            ]
        },
        {
            "file_path": "./train/17_colors",
            "rotation": 0,
            "camera_intrinsics": [
                [
                    1111.1113654242622,
                    0.0,
                    399.5
                ],
                [
                    0.0,
                    1111.1113654242622,
                    399.5
                ],
                [
                    0.0,
                    0.0,
                    1.0
                ]
            ],
            "transform_matrix": [
                [
                    0.9980793595314026,
                    0.007841493003070354,
                    -0.06145042926073074,
                    0.22993317246437073
                ],
                [
                    -0.06194872409105301,
                    0.12633739411830902,
                    -0.9900510311126709,
                    -3.851149082183838
                ],
                [
                    8.868840772890962e-09,
                    0.9919562935829163,
                    0.12658050656318665,
                    1.0563058853149414
                ],
                [
                    0.0,
                    0.0,
                    0.0,
                    1.0
                ]
            ]
        },
        {
            "file_path": "./train/18_colors",
            "rotation": 0,
            "camera_intrinsics": [
                [
                    1111.1113654242622,
                    0.0,
                    399.5
                ],
                [
                    0.0,
                    1111.1113654242622,
                    399.5
                ],
                [
                    0.0,
                    0.0,
                    1.0
                ]
            ],
            "transform_matrix": [
                [
                    0.2882802486419678,
                    0.5442599058151245,
                    0.787829577922821,
                    3.583571434020996
                ],
                [
                    0.957546055316925,
                    -0.1638556569814682,
                    -0.23718519508838654,
                    -0.4283454120159149
                ],
                [
                    -5.804827907240906e-08,
                    0.8227589726448059,
                    -0.5683903098106384,
                    -1.7246841192245483
                ],
                [
                    0.0,
                    0.0,
                    0.0,
                    1.0
                ]
            ]
        },
        {
            "file_path": "./train/19_colors",
            "rotation": 0,
            "camera_intrinsics": [
                [
                    1111.1113654242622,
                    0.0,
                    399.5
                ],
                [
                    0.0,
                    1111.1113654242622,
                    399.5
                ],
                [
                    0.0,
                    0.0,
                    1.0
                ]
            ],
            "transform_matrix": [
                [
                    0.194970041513443,
                    0.5839270353317261,
                    -0.7880455255508423,
                    -2.7181429862976074
                ],
                [
                    -0.980809211730957,
                    0.11607588082551956,
                    -0.15665152668952942,
                    -0.1397174745798111
                ],
                [
                    1.3384981123465423e-08,
                    0.8034646511077881,
                    0.595352292060852,
                    2.931241512298584
                ],
                [
                    0.0,
                    0.0,
                    0.0,
                    1.0
                ]
            ]
        },
        {
            "file_path": "./train/20_colors",
            "rotation": 0,
            "camera_intrinsics": [
                [
                    1111.1113654242622,
                    0.0,
                    399.5
                ],
                [
                    0.0,
                    1111.1113654242622,
                    399.5
                ],
                [
                    0.0,
                    0.0,
                    1.0
                ]
            ],
            "transform_matrix": [
                [
                    -0.9985191226005554,
                    0.021438581869006157,
                    -0.04999922960996628,
                    0.3337593376636505
                ],
                [
                    -0.05440162122249603,
                    -0.3934977650642395,
                    0.9177144765853882,
                    3.5512733459472656
                ],
                [
                    -8.747938551323386e-08,
                    0.9190754890441895,
                    0.39408132433891296,
                    1.8102660179138184
                ],
                [
                    0.0,
                    0.0,
                    0.0,
                    1.0
                ]
            ]
        },
        {
            "file_path": "./train/21_colors",
            "rotation": 0,
            "camera_intrinsics": [
                [
                    1111.1113654242622,
                    0.0,
                    399.5
                ],
                [
                    0.0,
                    1111.1113654242622,
                    399.5
                ],
                [
                    0.0,
                    0.0,
                    1.0
                ]
            ],
            "transform_matrix": [
                [
                    -0.18620669841766357,
                    -0.2690598964691162,
                    0.9449517130851746,
                    3.588325262069702
                ],
                [
                    0.9825105667114258,
                    -0.05099264532327652,
                    0.17908845841884613,
                    1.0853034257888794
                ],
                [
                    5.7691032395723596e-08,
                    0.9617725014686584,
                    0.27384936809539795,
                    1.3950045108795166
                ],
                [
                    0.0,
                    0.0,
                    0.0,
                    1.0
                ]
            ]
        },
        {
            "file_path": "./train/22_colors",
            "rotation": 0,
            "camera_intrinsics": [
                [
                    1111.1113654242622,
                    0.0,
                    399.5
                ],
                [
                    0.0,
                    1111.1113654242622,
                    399.5
                ],
                [
                    0.0,
                    0.0,
                    1.0
                ]
            ],
            "transform_matrix": [
                [
                    0.599551796913147,
                    0.1488415002822876,
                    -0.7863737940788269,
                    -3.073991298675537
                ],
                [
                    -0.8003359436988831,
                    0.11150085180997849,
                    -0.5890923738479614,
                    -2.1773669719696045
                ],
                [
                    -5.0322764622023897e-08,
                    0.9825546741485596,
                    0.18597374856472015,
                    1.345232367515564
                ],
                [
                    0.0,
                    0.0,
                    0.0,
                    1.0
                ]
            ]
        },
        {
            "file_path": "./train/23_colors",
            "rotation": 0,
            "camera_intrinsics": [
                [
                    1111.1113654242622,
                    0.0,
                    399.5
                ],
                [
                    0.0,
                    1111.1113654242622,
                    399.5
                ],
                [
                    0.0,
                    0.0,
                    1.0
                ]
            ],
            "transform_matrix": [
                [
                    0.3763519823551178,
                    -0.9244012832641602,
                    -0.06197851896286011,
                    0.22202102839946747
                ],
                [
                    -0.926476776599884,
                    -0.37550896406173706,
                    -0.025175901129841805,
                    0.38707980513572693
                ],
                [
                    -8.534224775758048e-07,
                    0.06689665466547012,
                    -0.9977598786354065,
                    -3.975031614303589
                ],
                [
                    0.0,
                    0.0,
                    0.0,
                    1.0
                ]
            ]
        },
        {
            "file_path": "./train/24_colors",
            "rotation": 0,
            "camera_intrinsics": [
                [
                    1111.1113654242622,
                    0.0,
                    399.5
                ],
                [
                    0.0,
                    1111.1113654242622,
                    399.5
                ],
                [
                    0.0,
                    0.0,
                    1.0
                ]
            ],
            "transform_matrix": [
                [
                    0.6479340195655823,
                    -0.6463911533355713,
                    -0.4029390811920166,
                    -1.4271841049194336
                ],
                [
                    -0.761696457862854,
                    -0.5498498678207397,
                    -0.3427586555480957,
                    -1.13935124874115
                ],
                [
                    1.6844498418322473e-07,
                    0.5290022492408752,
                    -0.8486203551292419,
                    -3.558795213699341
                ],
                [
                    0.0,
                    0.0,
                    0.0,
                    1.0
                ]
            ]
        },
        {
            "file_path": "./train/25_colors",
            "rotation": 0,
            "camera_intrinsics": [
                [
                    1111.1113654242622,
                    0.0,
                    399.5
                ],
                [
                    0.0,
                    1111.1113654242622,
                    399.5
                ],
                [
                    0.0,
                    0.0,
                    1.0
                ]
            ],
            "transform_matrix": [
                [
                    -0.9851526021957397,
                    -0.09271292388439178,
                    -0.14449439942836761,
                    -0.05391647294163704
                ],
                [
                    -0.17168088257312775,
                    0.5320132374763489,
                    0.8291485905647278,
                    3.678527593612671
                ],
                [
                    1.5099580252808664e-07,
                    0.841644823551178,
                    -0.5400312542915344,
                    -1.5702002048492432
                ],
                [
                    0.0,
                    0.0,
                    0.0,
                    1.0
                ]
            ]
        },
        {
            "file_path": "./train/26_colors",
            "rotation": 0,
            "camera_intrinsics": [
                [
                    1111.1113654242622,
                    0.0,
                    399.5
                ],
                [
                    0.0,
                    1111.1113654242622,
                    399.5
                ],
                [
                    0.0,
                    0.0,
                    1.0
                ]
            ],
            "transform_matrix": [
                [
                    -0.3303222060203552,
                    -0.34565097093582153,
                    -0.8783009052276611,
                    -3.3660192489624023
                ],
                [
                    -0.9438682198524475,
                    0.12096644937992096,
                    0.3073757588863373,
                    1.8529753684997559
                ],
                [
                    2.0379289367156161e-07,
                    0.9305334091186523,
                    -0.3662068843841553,
                    -1.1119338274002075
                ],
                [
                    0.0,
                    0.0,
                    0.0,
                    1.0
                ]
            ]
        },
        {
            "file_path": "./train/27_colors",
            "rotation": 0,
            "camera_intrinsics": [
                [
                    1111.1113654242622,
                    0.0,
                    399.5
                ],
                [
                    0.0,
                    1111.1113654242622,
                    399.5
                ],
                [
                    0.0,
                    0.0,
                    1.0
                ]
            ],
            "transform_matrix": [
                [
                    -0.04670117050409317,
                    -0.14395998418331146,
                    0.9884808659553528,
                    3.821244716644287
                ],
                [
                    0.9989088773727417,
                    -0.006730507127940655,
                    0.046213626861572266,
                    0.6552748680114746
                ],
                [
                    6.369612037815386e-08,
                    0.9895605444908142,
                    0.14411723613739014,
                    0.9842272996902466
                ],
                [
                    0.0,
                    0.0,
                    0.0,
                    1.0
                ]
            ]
        },
        {
            "file_path": "./train/28_colors",
            "rotation": 0,
            "camera_intrinsics": [
                [
                    1111.1113654242622,
                    0.0,
                    399.5
                ],
                [
                    0.0,
                    1111.1113654242622,
                    399.5
                ],
                [
                    0.0,
                    0.0,
                    1.0
                ]
            ],
            "transform_matrix": [
                [
                    0.16330792009830475,
                    0.4321340024471283,
                    0.8868994116783142,
                    3.8320870399475098
                ],
                [
                    0.9865751266479492,
                    -0.07153113931417465,
                    -0.14680860936641693,
                    -0.05156112462282181
                ],
                [
                    -6.869824176192196e-08,
                    0.8989679217338562,
                    -0.43801426887512207,
                    -1.1456224918365479
                ],
                [
                    0.0,
                    0.0,
                    0.0,
                    1.0
                ]
            ]
        },
        {
            "file_path": "./train/29_colors",
            "rotation": 0,
            "camera_intrinsics": [
                [
                    1111.1113654242622,
                    0.0,
                    399.5
                ],
                [
                    0.0,
                    1111.1113654242622,
                    399.5
                ],
                [
                    0.0,
                    0.0,
                    1.0
                ]
            ],
            "transform_matrix": [
                [
                    -0.653204083442688,
                    0.6075096726417542,
                    -0.45194724202156067,
                    -1.1055395603179932
                ],
                [
                    -0.7571818828582764,
                    -0.5240851640701294,
                    0.38988494873046875,
                    1.8850635290145874
                ],
                [
                    5.087187560093298e-08,
                    0.5968806743621826,
                    0.8023298978805542,
                    3.350271224975586
                ],
                [
                    0.0,
                    0.0,
                    0.0,
                    1.0
                ]
            ]
        },
        {
            "file_path": "./train/30_colors",
            "rotation": 0,
            "camera_intrinsics": [
                [
                    1111.1113654242622,
                    0.0,
                    399.5
                ],
                [
                    0.0,
                    1111.1113654242622,
                    399.5
                ],
                [
                    0.0,
                    0.0,
                    1.0
                ]
            ],
            "transform_matrix": [
                [
                    -0.7599841952323914,
                    0.5832948088645935,
                    -0.2866899073123932,
                    -0.4921382665634155
                ],
                [
                    -0.6499415636062622,
                    -0.6820534467697144,
                    0.3352297842502594,
                    1.6601186990737915
                ],
                [
                    -4.849465540246456e-08,
                    0.4411010146141052,
                    0.8974573612213135,
                    3.605801582336426
                ],
                [
                    0.0,
